405192
404320
403436
403434
403393
292449
280243
280246
280515
280530
280533
284563
284729
284805
286003
286013
286030
286035
286040
286043
286049
286055
286058
286062
286067
286662
287105
287130
287133
287138
287350
287353
287356
287427
287436
287439
287489
287514
287555
287562
287565
288141
288768
289132
289354
289359
289366
289469
289716
289734
289785
289800
289819
289835
289838
289841
289855
290014
290019
290022
290033
290102
290149
290161
290379
290638
290898
290930
290953
290995
290999
291106
291129
329520
360847
216573
191515
191516
360536
216017
216048
356018
328607
191526
191529
196057
205339
277447
313141
406904
191557
191558
361360
360960
191563
216338
367897
361925
361894
195671
272839
326916
329252
343697
347038
214630
191565
191568
329750
214784
214785
361890
317068
328392
361353
313742
328414
191585
191586
191587
356008
191589
191588
359581
318893
194800
361212
361040
380546
191594
191596
379898
280610
329746
354764
358529
194738
191603
191604
191605
361011
191606
191607
191608
191609
367962
191615
306196
306197
306198
345393
344178
317639
345124
313294
343415
400975
278889
275699
284333
290177
222222
328942
330177
344180
345946
191637
191639
191638
191640
319203
325547
195672
368973
373087
383748
284332
383750
289668
370594
370596
327056
330137
191658
329439
360577
360579
360581
400488
228441
228442
373396
194722
346576
191579
361987
361989
360839
367214
367216
283213
361991
347626
361985
347628
347630
347632
347634
347636
347638
347640
347642
347644
191685
191710
191713
317869
361094
191714
191716
314565
325843
327964
331000
304967
332003
203990
191673
292879
313288
318876
401063
191657
191665
191679
191722
191723
191724
191680
191681
203982
191682
191726
327933
327952
325549
325551
329656
329736
344608
344610
344612
344628
344630
344648
344652
344661
344663
344665
344667
344753
344755
344757
344763
344765
344767
344771
344773
360490
344775
344876
344878
360492
344886
344847
344888
344894
344896
344898
360453
360455
345689
345691
345693
345695
345697
191727
191728
191729
191730
194723
203998
191734
361249
205505
344614
344619
381390
203559
361069
203563
191741
325799
359500
360895
205453
361065
191743
191744
360206
191745
361446
191748
360059
191749
280544
280545
279993
342540
361392
286365
313305
191761
191766
191767
306194
306195
193582
194744
222534
283682
286333
372124
286334
306193
306192
347624
354895
223535
223537
223534
223533
222104
361358
191773
191774
191775
191776
286175
286330
360065
191777
191781
327780
326308
361791
344793
344794
344795
344796
344797
344798
344799
344800
345677
345681
345679
345683
345687
345685
368003
222156
204228
361179
190076
367190
360867
226720
361243
360869
360855
360853
204154
190103
190108
190104
190107
190113
190112
190115
190109
190116
190114
190117
190091
190098
360865
190099
204162
284741
360788
360790
360863
221942
361806
361795
361396
331564
190127
242657
190126
193524
215201
226628
361838
347065
190122
190092
190096
205472
361882
361363
190100
190591
190592
203652
190593
203582
190594
190595
361433
190599
190138
190139
326269
367164
355135
190140
190141
190143
361432
190145
190144
190142
284064
232688
190590
190612
361885
361943
361933
195659
361884
190615
361936
190619
360857
368979
190618
367262
367274
190624
190626
190631
190625
190627
193116
190628
361941
190652
190659
190629
190630
361939
190640
292948
190650
190646
361801
278812
215283
280133
242691
360970
406547
190651
190653
190654
190657
190658
292949
361262
190662
195676
203978
317116
326878
342562
190681
203558
203556
361343
190691
361251
361319
361334
361310
190694
361282
361085
361252
190705
190698
358189
361198
229348
190680
190685
361192
190700
190704
190682
190706
190690
190709
361107
190697
190699
190703
284316
226762
226834
190717
190725
179422
179423
190720
190723
190724
361332
361233
360962
361075
361077
361073
206410
190726
179424
190735
190733
190734
190738
347597
361083
361081
367276
190740
317110
190737
190739
190741
190743
317111
304531
190748
331907
190747
190746
311608
190749
190753
190754
267466
368005
190755
216577
317115
317114
225801
233258
225888
357118
190750
361836
190751
190752
190742
294494
190736
216687
277458
190756
318613
190759
361208
190757
361256
361957
361055
361829
360991
361341
361276
361108
361328
360838
361154
190758
361103
360938
360940
360942
360924
190760
190761
360816
195406
190762
226552
190764
190773
360944
360946
369324
370638
190771
361953
361086
317112
361308
203670
203667
203671
190765
361260
342223
193051
190788
381367
305992
190783
179444
262149
331753
360926
246629
195389
317113
184929
190786
195701
190790
347149
179437
190791
190792
179435
190796
190797
190798
179434
179436
274887
190799
179445
201406
360879
361245
317178
226754
190800
190858
179438
190801
197030
259466
402506
203674
232132
345929
373662
179442
179440
179439
190804
190805
190802
190806
190809
190807
192409
317142
317143
190815
190810
361314
190822
190813
190814
266527
190811
190812
355121
361101
358666
190816
190817
190818
361870
190819
190820
361324
190821
361878
361876
361848
190823
190824
361290
190825
190826
360883
190827
190831
190828
190829
190830
190832
190833
190834
190835
190836
361359
190839
190840
201613
279405
360918
304934
360920
360922
346329
190841
190837
190838
361209
361210
361896
361880
361398
203942
361091
190842
361090
190843
361166
361168
190844
360893
190845
190846
194810
361239
190847
360796
190849
193422
190850
190851
190856
190852
190853
190854
195698
361344
190857
190855
190861
190859
190860
190863
382188
190862
355242
190864
371595
371597
371599
190865
317314
190867
190902
190869
190868
190876
190866
190874
233260
190875
190877
190870
368035
190871
190872
226458
190889
190890
361945
201928
360871
190892
266607
190897
361326
190893
226550
190903
190898
190891
356012
191127
190914
190915
361400
190916
319187
190917
190918
361225
361227
361223
360830
190919
190920
368045
368047
190922
190923
190924
215146
190925
266674
190926
190936
357705
190929
190927
190928
190930
190931
190933
313381
360901
203605
190934
190937
368049
368043
190938
190939
190940
190941
190942
215144
190943
190944
290562
190945
190946
190947
215193
190948
368053
190951
190962
368051
190966
266675
368055
190971
190963
190967
190972
190970
191171
191172
216369
290349
190976
190979
190980
319188
343575
368336
190990
190983
190986
190991
190984
203661
360822
361163
360899
190999
191001
191006
191010
368332
368328
191013
368326
191029
191031
191030
191032
357120
357122
191035
191000
368340
191009
191028
368342
191036
191037
191040
355592
191043
191038
191039
191044
286291
357727
313744
361268
191049
361270
368357
368353
360820
191047
191065
317119
215007
191058
191056
294169
195663
195664
195665
191057
191060
368359
368363
191059
191067
266672
215046
368365
368650
313269
191071
191082
191069
191072
331173
191074
191085
191070
191073
191075
191078
191169
360873
191170
361258
191173
368658
191174
317118
191176
330102
368654
368656
330104
330106
304794
191175
317144
191076
191077
191083
191087
367945
361059
368684
361180
361929
191086
191090
191088
360834
294505
356016
328946
191089
191092
191098
191101
191097
191102
326023
326025
326027
191103
342904
306008
306010
306015
306017
306012
191104
326236
326238
326240
326242
331889
191105
191108
315797
315835
359623
315837
224077
357104
275109
275186
275191
275193
367411
275195
339241
191111
306131
306133
306135
329129
358550
191115
191117
191116
360016
191119
191118
368662
191120
191121
361503
191122
191128
278978
368525
191230
360824
361434
191272
191273
191274
191285
191288
191289
191292
342667
342669
342671
191295
191296
191297
191298
191299
191300
191301
191304
191305
191306
191321
405957
191322
191325
191326
191329
213823
191354
191355
191356
191357
191360
191362
191361
191363
191364
191366
191365
191369
191370
191371
191374
191379
191380
191382
191381
191383
191386
283364
191330
191331
191332
342221
360906
191336
243546
243604
243582
243613
243624
243586
368652
243588
243590
243593
243628
243637
360979
243648
243661
243672
361529
279407
283234
283242
283247
283249
283251
283253
283255
283257
283259
368664
283261
283263
283265
368334
283269
283271
283424
283273
283275
283277
283389
283391
283393
283397
283399
283401
283403
283405
283407
283422
283431
284001
284003
284005
284007
284009
284011
284013
284015
284017
284019
284021
284023
284025
284027
284029
284031
284033
284035
284037
284039
284041
284043
284045
284050
284052
284054
284056
284058
284060
284062
284104
311303
332137
331684
367939
367943
379719
191123
191124
315736
361231
191125
315740
191130
283732
330668
191129
191126
191131
191132
191133
359161
329844
191134
200624
191135
191140
358241
191138
191139
224161
191141
191142
319058
191145
224163
216894
236381
191146
191147
224162
191148
191149
368660
191150
191151
319060
233612
191152
313271
317117
328153
361371
327721
191163
191162
258780
191161
191157
221817
214966
249902
276157
221836
221838
215221
215031
191153
243195
216480
191155
216252
191154
191156
261902
268116
191341
191342
191344
191343
191345
191348
191349
191350
191351
191352
191353
191387
355001
358005
361339
191390
343699
355044
361202
191388
191389
304004
191391
368666
361886
191392
332034
367125
361015
213975
222542
285996
191394
191398
195666
195667
191403
195669
191412
224084
361448
361190
361852
191462
361264
326918
326958
326932
215595
237825
215728
305772
191177
191181
191182
191183
326222
326224
326226
326232
326228
326230
191186
331291
191187
191476
191491
191489
191477
191479
191482
371790
191487
405408
191485
191486
226542
226544
361038
226442
191188
191189
345909
283730
191190
191194
306030
191195
191193
191196
191199
191200
284323
191201
357808
191202
191211
319001
191212
191213
361221
226400
226413
191493
361412
361414
191494
226509
226540
293875
293876
293878
293880
293886
293882
293884
293899
293901
293903
313696
293905
293907
293911
293913
293908
293909
293910
313688
313690
313692
313694
343421
405222
405220
405218
405216
405214
405212
405208
405200
404433
404329
403825
403821
403788
403823
403778
403749
403755
403757
403772
404100
404003
403989
403827
403768
403991
404001
405161
405163
405159
405184
404948
404944
404946
404942
404969
405186
404443
405167
405165
404438
405169
404962
404447
405146
404964
405144
404954
404958
403987
404950
405194
404431
405087
405095
404956
404952
404445
404960
405206
405204
405196
405198
192093
192099
392147
192100
192101
192095
192096
361967
192094
332213
332214
192102
192103
192106
205335
192133
216381
361927
192130
294527
231712
192110
192111
192120
192121
192122
192125
192126
361099
326051
192129
345701
280546
286340
312568
311348
192136
192143
316016
361385
361922
361512
369320
316024
192145
192147
316020
192148
316022
192151
192144
358025
358027
233092
382836
317345
339559
339557
317347
373526
403584
373538
306063
347079
306061
347081
347030
347032
306050
360877
306048
318695
347601
347622
371579
192158
294555
301931
294557
192161
192162
379526
192160
192153
192152
192156
192157
192163
194024
192165
192166
195695
284608
382036
317129
192168
192169
193088
361971
294537
294539
294543
294545
329406
305945
315823
315825
315827
315829
318588
318590
192154
192155
319056
192164
304644
192172
325803
373362
368714
192171
192173
306104
280005
316043
339554
317349
343202
356030
384472
381471
381473
318649
355126
355671
359123
359125
359127
359129
192174
399922
192175
201346
382840
192176
192177
192178
347599
306098
306100
306102
280552
313296
402200
243012
192189
192190
192187
192188
192179
361803
192180
361969
192181
192182
192183
192184
192185
216073
305349
192186
192191
192193
192192
192194
317121
325553
192195
192196
341423
361797
361793
317122
192197
261836
266643
328422
328424
328426
328428
328430
192198
192199
192200
192201
192202
192203
192204
361983
192205
192206
284325
195661
192207
284326
192208
192209
195646
367425
192092
361955
195647
192219
195656
192210
192211
192212
192213
313037
192214
361235
195639
195640
195641
195642
192216
195643
192215
192223
192222
195657
192217
192218
192220
192221
195644
401834
361424
278569
195645
195653
195655
192224
192225
192226
192227
192229
192228
192230
195658
192231
195650
195651
195652
192232
361216
361963
195648
195649
313123
313174
313176
313178
313180
313184
192233
192234
192235
192236
192237
373770
192238
294565
261801
192239
192240
192241
192242
192243
192244
192245
192246
195662
192247
192248
192249
328669
192250
195660
381769
192251
192253
192254
195700
192255
370717
192257
192258
192256
192259
192260
192261
343726
343728
343732
343730
345377
343734
345379
345381
343736
192262
361973
192265
317130
192263
192266
344060
344062
192264
192267
192268
192269
330073
330077
330075
330069
330079
344038
344040
391910
192270
192271
192272
260374
197047
317631
192273
192274
192275
192276
192277
360985
192278
373493
373495
355218
368900
192279
192280
232369
192281
331761
331763
192283
192282
325805
275590
278984
331598
331600
331602
192284
192285
382034
192286
192287
311612
203938
193062
361426
192288
192289
192290
192292
193123
192294
192295
192296
192297
192298
192299
306092
306094
306096
347077
347652
277415
315831
192300
192301
192302
192303
192304
361439
361441
192305
192306
383362
192307
192308
192309
192310
192311
209382
192312
192313
192314
195682
192315
304151
195683
361508
304153
304159
304163
216064
192316
280519
192317
345103
304169
304171
192318
192319
192320
192321
192322
192323
192324
304089
304177
304179
304181
304183
304185
192325
214854
204500
214863
195686
192326
192327
192328
192329
317120
192330
192331
192332
355590
358455
358457
358459
358678
358680
359113
368822
339159
342306
192333
192334
361373
328376
355832
293866
192335
192336
345342
355234
355236
370719
192337
192338
317141
318781
192339
192340
192341
317126
291974
192342
192343
280677
287530
379507
359178
192344
367192
192345
192346
278570
371985
280106
355048
355050
317125
332185
342308
342310
342314
342544
342312
373328
342546
342821
342552
400819
361948
192347
402901
192348
294492
192349
192350
192351
192352
294490
383852
383854
215631
194734
280682
290823
192353
293239
293242
192354
192357
192356
192358
192359
192360
370816
192361
317484
192362
192363
192364
192365
192366
191847
191848
191852
191851
191853
191856
191857
191845
360897
191846
191854
361823
191855
191858
191951
191952
191953
191954
191955
361825
191956
191957
405224
355896
358548
191958
191959
357894
313483
313485
191960
191961
191962
191963
191964
191965
191966
191967
191968
191969
191971
191970
191973
191972
343823
191974
191975
235692
280721
280723
280725
361456
280727
280729
280731
280733
280735
280737
280739
280741
280743
280745
280747
280749
280751
280753
344058
216838
278535
361467
361461
361463
278537
278541
278542
280140
289807
304945
367153
293800
355306
400886
400888
400890
191875
191881
191876
216365
360808
360809
360810
360812
191879
191883
191880
361465
360800
191890
191882
193380
191874
191873
192012
194101
196395
283662
267102
197032
317123
205072
317124
267104
272018
205076
191889
191891
191892
191893
304416
267916
191999
361280
215765
361473
360861
191860
360983
191903
191994
191995
275460
191996
358331
361789
191997
191998
358910
358915
191887
327214
368224
192000
382262
403213
382183
344911
344919
344921
331572
331574
331576
331588
331578
331580
331582
331584
331608
331610
331612
382613
331614
331616
331618
331620
314574
191993
194568
194572
311684
201421
237593
290474
290476
290478
400836
400838
400842
400844
400849
400855
400863
303283
370502
215783
215791
214925
215205
226670
214957
331293
357824
232423
191977
191978
191979
360905
191980
361812
355927
191981
191982
400867
191983
328117
191984
191985
191986
191987
191988
191989
191990
361524
390937
361821
361819
318580
191992
201376
276579
361817
276580
325722
392287
371815
361378
276592
276596
276599
357273
357298
287118
318567
329069
331755
192001
381410
347648
347650
192002
192003
192004
192005
192006
192007
192008
192009
192010
192013
192014
192015
192016
192017
192018
284317
358546
284318
319185
319201
369379
369377
331287
331808
266633
266635
266637
369328
369332
371614
371616
284320
284321
328416
284322
201508
201509
256685
331065
331215
331217
331221
331165
331169
331187
331334
191833
191859
361407
191843
360989
361278
359579
191838
355220
255523
361247
345358
355102
191839
191840
191842
191844
191865
191864
194699
191904
191905
191906
191909
191910
191911
191912
191913
191914
191915
191916
191918
191919
191922
191925
191926
191928
191927
191929
191930
191931
191933
191934
233012
381482
381484
191935
191936
191937
359316
358612
210575
191938
191945
391595
216243
191946
216247
355034
355036
357102
191944
191947
304642
261550
191948
191949
191950
192011
212813
212830
325774
355594
192367
192368
192369
192370
317131
317132
382706
382708
192374
192375
312512
192376
234501
293871
192377
344923
360063
192378
361981
347161
192379
215678
278980
325867
222157
216468
215285
192395
361568
192382
192380
192381
192383
192384
401240
331772
192385
192386
192387
222522
215710
289161
192389
360908
192390
266802
266804
266806
360910
192392
361402
192391
360958
216488
279729
192393
192394
193406
290035
359048
360018
368680
192396
192397
344953
360956
192399
203617
360841
192398
192400
371492
203611
367139
192401
192402
279727
192404
233876
192403
329377
279710
294723
192405
192406
279731
279736
279759
279769
279771
192407
192408
192432
192433
192410
361805
196829
192413
192415
383722
192416
379586
192417
314504
317641
192419
192420
267447
267449
382692
382694
382696
292942
292944
361013
315918
381955
330287
330289
345860
326267
330081
346550
358917
360575
368708
368710
192427
341551
192431
193106
195692
192421
361362
279679
317133
192422
317134
317135
313554
306333
312528
312530
312534
343199
344944
344946
372149
372151
222544
284324
222557
192423
192424
192425
192426
261010
261012
290410
331741
192434
192435
192436
315771
360069
266310
266311
382838
367141
367413
367415
367427
367417
367419
367421
367423
266312
266313
361965
266315
191786
191788
191787
207664
294635
382801
194358
361959
361961
330053
327897
392377
373666
191789
191809
315788
315790
315792
317357
339548
339561
367409
345403
368628
373966
191790
191791
391585
191792
191793
191794
191795
361787
191796
191797
371908
361814
361007
361009
191798
205128
317128
305908
278572
205333
325555
228756
196323
205509
205511
205513
200611
280350
191800
195848
191801
191802
191803
191804
191805
191806
345948
191807
360999
361001
360997
360995
191808
360993
191799
326331
345944
360447
361483
367433
191816
382939
381416
191811
208324
357685
358141
208143
303835
208179
191813
191810
191815
208088
331748
372040
208217
208219
208221
208223
191817
191818
191819
191820
208349
208225
268039
328418
355109
358034
191822
216591
345435
191821
193366
193367
360936
193368
267430
342979
215990
371928
380264
380268
380585
380587
380667
380758
216594
372260
372857
317632
216592
216794
317180
290849
216708
222530
280882
216593
216588
368992
216589
216590
224069
372642
372644
372646
192032
192031
361672
361679
382698
373655
373649
361675
192037
373401
368530
368534
354999
381821
381823
355008
361274
361272
355010
355012
355014
192027
192035
357662
345920
345918
345921
345923
345925
192033
346998
283352
400967
401037
294011
367379
342900
283369
192028
192050
357664
311686
328100
328102
328104
368300
368302
192038
311462
311466
311470
302299
305672
305686
305688
279857
305694
305698
294747
361519
361522
368902
368904
368906
368908
331783
331785
192057
192059
192060
192063
194704
272016
197104
346015
192066
192067
192071
193378
193376
193379
193377
192073
192076
192077
192074
192075
192078
203881
371827
216695
280141
360914
360916
280172
192079
357711
192080
294496
311680
361241
361322
318803
318775
355071
355073
318777
192081
402373
360934
192082
345959
316008
357666
192083
192084
192085
328412
226768
192086
192087
305915
305921
305917
305919
305923
305925
305927
305929
192089
223235
223237
192437
192438
192439
192440
192441
192442
192443
192444
332219
346085
346089
346091
192445
192446
192476
331229
192484
294336
294444
332217
330183
358270
402824
358300
384503
216068
192451
192450
360033
192470
192471
192472
192473
314555
195691
192474
192475
318615
368891
345405
356006
266798
192477
192478
192479
192480
192481
192482
192483
194882
194932
194938
317079
317081
317083
317085
317087
317089
317091
317093
317095
346980
317097
317099
317101
325981
330119
330124
330126
330128
345399
330130
346976
346978
346962
382630
380294
384501
384468
384470
391894
402070
284327
284328
284329
192485
192486
192487
203663
259509
384497
384499
192495
192496
192497
192498
192499
380226
359761
361428
192500
192501
192502
192503
192504
192505
192506
192507
192509
192510
192508
192511
192512
192513
192514
192519
192520
192521
192522
192523
192524
192525
347067
344176
192528
192529
192530
192531
192532
192535
192536
192537
192538
192539
192540
192541
192542
192543
192544
192546
192545
192550
192549
192551
280418
192552
306021
342807
342809
279570
192553
192554
332199
332203
339151
339153
339155
339157
339271
357668
192447
192448
192449
192489
192490
192488
192491
283664
371603
192492
342320
355965
201419
361951
355124
373264
361979
360849
361874
361977
201418
201417
201828
361019
360845
361204
361346
201848
201850
204006
204014
204236
361092
228785
279409
292375
201832
262260
262268
201834
213945
201846
361061
361320
201836
205124
201844
201840
213957
213959
213967
213969
213971
213973
327757
201842
201416
201852
361152
224359
266714
290178
290179
346801
406285
203678
283171
283173
292447
361900
314510
361898
372476
368854
331509
331511
284304
361288
284305
284306
284307
284308
284309
284310
284311
284313
284312
284314
361161
284315
266715
284303
325628
360952
317207
248115
248129
316029
278884
326263
326265
361394
361514
331084
347083
361382
347085
203584
303882
340703
205485
361214
361908
233160
360912
361186
222342
222340
222496
237391
278815
326247
215081
238233
290039
290040
222150
359227
359229
359234
359236
359238
359240
359242
359244
216511
215271
215270
216767
216768
216769
216772
294559
294561
216754
216759
216761
216760
280208
216762
215272
222333
400485
232242
305774
280500
369052
369050
216888
360987
221994
216780
216898
221799
221807
305571
216779
355596
216777
216776
216351
216352
216353
216354
216775
216778
361651
305997
305999
306032
306043
304000
303998
367131
292571
318502
361317
367135
361888
367133
302350
361067
361854
361351
361430
361330
361017
294130
361284
360889
360968
361254
360966
294128
360818
360832
360964
360887
360885
292801
292799
292797
292795
292793
292791
292789
292569
292567
292555
292549
290365
361315
361219
318578
290363
290361
290359
267003
267005
280263
280490
280492
267013
280496
304825
304827
267007
317061
267009
304843
267015
267017
280488
267019
267021
267023
267027
267029
279413
280143
280958
280964
280972
283694
280974
284640
292064
317660
317871
318504
318506
325630
344951
355119
381771
292541
312026
279415
267001
280000
279999
361156
279998
279997
361157
332112
279996
279995
292104
303261
294569
294567
287518
287519
287520
303412
303027
302803
302122
292565
292563
292561
361036
360843
361931
292559
292557
290373
290371
360903
290369
290367
280002
344068
344117
280125
280968
292740
312024
319026
325720
328858
331672
332161
342568
404992
192555
192556
192557
192558
192559
192560
192561
192562
361510
360814
284330
284331
317136
317137
317138
317139
317140
192563
192564
192567
192565
192566
192573
216561
192571
360836
192572
192570
205060
311229
311231
311233
192574
360875
192577
304345
326880
192578
192579
192580
203659
205058
233872
294629
342383
192581
203648
192583
192585
361401
361975
192584
192582
192586
361832
192591
361920
192592
192593
192595
195699
192597
192598
192599
192600
313031
192601
318423
339544
192609
382062
306106
345086
360851
306107
283663
318569
318571
203922
342914
361390
192608
192607
192606
292106
192605
192610
192611
192612
192613
318687
318791
318897
318901
318903
339542
192620
192619
192618
192615
192621
192622
192623
361021
361420
361057